41.1,45.6;24.7,29.9;0
31.4,55.9;78.6,67.7;1
54.8,76.0;68.4,29.9;3
68.4,29.9;24.7,29.9;4
70.7,58.3;31.4,55.9;5
24.7,29.9;70.7,58.3;8
30.3,44.1;31.4,55.9;21
5.0,29.7;24.7,29.9;22
70.7,58.3;31.4,55.9;23
68.4,29.9;31.4,55.9;29
95.0,67.9;54.8,76.0;32
95.0,28.3;68.4,29.9;34
45.4,61.9;24.7,29.9;34
41.1,45.6;54.8,76.0;34
68.4,29.9;31.4,55.9;37
68.4,29.9;31.4,55.9;45
54.8,76.0;70.7,58.3;54
31.4,55.9;5.0,5.0;54
24.7,29.9;17.6,5.0;59
68.4,29.9;31.4,55.9;60
76.8,22.4;70.7,58.3;61
54.9,36.4;31.4,55.9;69
17.6,5.0;24.7,29.9;70
54.8,76.0;5.0,69.7;84
84.4,32.7;31.4,55.9;85
52.5,15.5;70.7,58.3;90
65.2,5.0;68.4,29.9;94
68.4,29.9;70.7,58.3;94
82.1,77.5;68.4,29.9;96
54.8,76.0;19.3,39.3;97
